       N       E                     dE             d eps       ncg     rms          ort
SDA:   1    -0.570239274941E+03   -0.57024E+03    0.00000E+00  3216   0.193E-03 0.000E+00
CGA:   2    -0.570239289017E+03   -0.14077E-04   -0.13972E-04  3216   0.111E-04 0.539E-06
CGA:   3    -0.570239291469E+03   -0.24521E-05   -0.24704E-05  3216   0.878E-05-0.687E-06
CGA:   4    -0.570239293274E+03   -0.18048E-05   -0.18105E-05  3216   0.711E-05-0.229E-06
CGA:   5    -0.570239294446E+03   -0.11721E-05   -0.11776E-05  3216   0.295E-05 0.231E-06
CGA:   6    -0.570239295062E+03   -0.61603E-06   -0.61424E-06  3216   0.186E-05 0.257E-06
   1 F= -.57023930E+03 E0= -.57023338E+03  d E =-.570239E+03  mag=    70.0000
